13434 1034 0.0
13434 3101 0.0
13434 5167 0.0
15501 1034 0.0
15501 3101 0.0
15501 5167 0.0
17567 1034 0.0
17567 3101 0.0
17567 5167 0.0
1034 1034 0.0
1034 3101 0.0
1034 5167 0.0
3101 1034 0.0
3101 3101 0.0
3101 5167 0.0
5167 1034 0.0
5167 3101 0.0
5167 5167 0.0
1034 38234 0.0
1034 40301 0.0
1034 42367 0.0
3101 38234 0.7097473740577698
3101 40301 0.0
3101 42367 0.0
5167 38234 0.5218048095703125
5167 40301 0.1514379233121872
5167 42367 0.0
7234 19634 0.14147180318832397
7234 21701 0.14737510681152344
7234 23767 0.05609270930290222
9301 19634 0.606624960899353
9301 21701 0.1035430058836937
9301 23767 0.7971546053886414
11367 19634 0.25277578830718994
11367 21701 0.016902493312954903
11367 23767 0.13735197484493256
7234 25834 0.15064872801303864
7234 27901 0.016780581325292587
7234 29967 0.04960364103317261
9301 25834 0.012859794311225414
9301 27901 0.052017759531736374
9301 29967 0.013298861682415009
11367 25834 0.1193707138299942
11367 27901 0.2932334840297699
11367 29967 0.03863777220249176
1034 44434 0.0
1034 46501 0.0
1034 48567 0.0
3101 44434 0.0
3101 46501 0.0
3101 48567 0.0
5167 44434 0.0
5167 46501 0.0
5167 48567 0.0
1034 7234 0.0
1034 9301 0.0
1034 11367 0.0
3101 7234 0.0
3101 9301 0.0
3101 11367 0.0
5167 7234 0.0
5167 9301 0.0
5167 11367 0.0
13434 7234 0.0
13434 9301 0.0
13434 11367 0.06381601095199585
15501 7234 0.0
15501 9301 0.0
15501 11367 0.24122178554534912
17567 7234 0.0
17567 9301 0.004285956732928753
17567 11367 0.6718725562095642
1034 50634 0.0
3101 50634 0.0
5167 50634 0.0
7234 32034 0.004999819211661816
7234 34101 0.13472193479537964
7234 36167 0.16507789492607117
9301 32034 0.008953719399869442
9301 34101 0.015365559607744217
9301 36167 0.014685358852148056
11367 32034 0.03668076917529106
11367 34101 0.9190593957901001
11367 36167 0.05935350060462952
13434 13434 0.15239962935447693
13434 15501 0.7989086508750916
13434 17567 0.8101791739463806
15501 13434 0.11839725077152252
15501 15501 0.12533670663833618
15501 17567 0.04548542946577072
17567 13434 0.23105370998382568
17567 15501 0.17616960406303406
17567 17567 0.09004469215869904
1034 13434 0.0
1034 15501 0.0
1034 17567 0.0
3101 13434 0.002733665518462658
3101 15501 0.0742608979344368
3101 17567 0.10511019825935364
5167 13434 0.0018747493159025908
5167 15501 0.15633714199066162
5167 17567 0.5871677994728088
7234 1034 0.0
7234 3101 0.0
7234 5167 0.0
9301 1034 0.0
9301 3101 0.0
9301 5167 0.0
11367 1034 0.0
11367 3101 0.0
11367 5167 0.0
7234 38234 0.29135003685951233
7234 40301 0.4225556254386902
7234 42367 0.11071516573429108
9301 38234 0.15255573391914368
9301 40301 0.38532555103302
9301 42367 0.7141087651252747
11367 38234 0.11637718230485916
11367 40301 0.05213271081447601
11367 42367 0.017130307853221893
13434 19634 0.28462401032447815
13434 21701 0.023897025734186172
13434 23767 0.18489062786102295
15501 19634 0.1603228747844696
15501 21701 0.5544236898422241
15501 23767 0.09789787977933884
17567 19634 0.315630167722702
17567 21701 0.8742470741271973
17567 23767 0.928077220916748
1034 19634 0.0
1034 21701 0.0
1034 23767 0.0
3101 19634 0.02861698530614376
3101 21701 0.04122837632894516
3101 23767 0.0731903538107872
5167 19634 0.5045790076255798
5167 21701 0.06100279092788696
5167 23767 0.5874468088150024
7234 7234 0.0
7234 9301 0.0
7234 11367 0.0
9301 7234 0.0
9301 9301 0.0
9301 11367 0.018539370968937874
11367 7234 0.0
11367 9301 0.0
11367 11367 0.0820704847574234
7234 44434 0.0
7234 46501 0.0
7234 48567 0.0
9301 44434 0.6126883029937744
9301 46501 0.0
9301 48567 0.0
11367 44434 0.6216340065002441
11367 46501 0.11003910005092621
11367 48567 0.0
13434 25834 0.016613101586699486
13434 27901 0.3293807804584503
13434 29967 0.2515009641647339
15501 25834 0.14561016857624054
15501 27901 0.06237204372882843
15501 29967 0.6214817762374878
17567 25834 0.11468671262264252
17567 27901 0.5136516094207764
17567 29967 0.9573718309402466
1034 25834 0.0
1034 27901 0.0
1034 29967 0.0
3101 25834 0.10575665533542633
3101 27901 0.015504776500165462
3101 29967 0.08221171796321869
5167 25834 0.010889423079788685
5167 27901 0.29815298318862915
5167 29967 0.02469846047461033
7234 50634 0.0
9301 50634 0.0
11367 50634 0.0
7234 13434 0.3214302659034729
7234 15501 0.016087310388684273
7234 17567 0.8917592167854309
9301 13434 0.0032206042669713497
9301 15501 0.007311663590371609
9301 17567 0.7652281522750854
11367 13434 0.047755517065525055
11367 15501 0.25658470392227173
11367 17567 0.6712473630905151
13434 32034 0.05738352984189987
13434 34101 0.8487953543663025
13434 36167 0.882738471031189
15501 32034 0.593353271484375
15501 34101 0.8055689930915833
15501 36167 0.5697379112243652
17567 32034 0.44649776816368103
17567 34101 0.8644295930862427
17567 36167 0.44218873977661133
1034 32034 0.0
1034 34101 0.0
1034 36167 0.0
3101 32034 0.004911146592348814
3101 34101 0.11162623763084412
3101 36167 0.014068269170820713
5167 32034 0.006750956177711487
5167 34101 0.175494983792305
5167 36167 0.03905409201979637
13434 38234 0.04171602427959442
13434 40301 0.24419105052947998
13434 42367 0.06966062635183334
15501 38234 0.05242904648184776
15501 40301 0.8521249890327454
15501 42367 0.03879094496369362
17567 38234 0.0960635170340538
17567 40301 0.7380472421646118
17567 42367 0.3812153935432434
19634 19634 0.39506202936172485
19634 21701 0.8977794647216797
19634 23767 0.8417854905128479
21701 19634 0.9246402382850647
21701 21701 0.9966656565666199
21701 23767 0.9817467927932739
23767 19634 0.49569693207740784
23767 21701 0.8825491070747375
23767 23767 0.9901171326637268
25834 1034 0.0
25834 3101 0.0
25834 5167 0.0
27901 1034 0.0
27901 3101 0.0
27901 5167 0.0
29967 1034 0.0
29967 3101 0.0
29967 5167 0.0
25834 38234 0.9584628939628601
25834 40301 0.6812400817871094
25834 42367 0.7002229690551758
27901 38234 0.9579579830169678
27901 40301 0.859512984752655
27901 42367 0.5823674201965332
29967 38234 0.9832642674446106
29967 40301 0.3504674434661865
29967 42367 0.9990633130073547
13434 44434 0.014319885522127151
13434 46501 0.09319736808538437
13434 48567 0.0
15501 44434 0.7498472332954407
15501 46501 0.9849776029586792
15501 48567 0.07428581267595291
17567 44434 0.6368666291236877
17567 46501 0.9515202045440674
17567 48567 0.061337392777204514
19634 25834 0.07524850964546204
19634 27901 0.3440045118331909
19634 29967 0.5967124104499817
21701 25834 0.1991797238588333
21701 27901 0.05594528466463089
21701 29967 0.8258941173553467
23767 25834 0.7843997478485107
23767 27901 0.3524645268917084
23767 29967 0.49810686707496643
25834 7234 0.0
25834 9301 0.016316654160618782
25834 11367 0.6029062271118164
27901 7234 0.001465095323510468
27901 9301 0.9119657278060913
27901 11367 0.538367509841919
29967 7234 0.7165593504905701
29967 9301 0.9699381589889526
29967 11367 0.03167365863919258
25834 44434 0.9112677574157715
25834 46501 0.9953617453575134
25834 48567 0.9060163497924805
27901 44434 0.9943857192993164
27901 46501 0.9984702467918396
27901 48567 0.9958354234695435
29967 44434 0.9984851479530334
29967 46501 0.9785339832305908
29967 48567 0.9892681241035461
13434 50634 0.0
15501 50634 0.0
17567 50634 0.0
19634 32034 0.9528257250785828
19634 34101 0.9138603806495667
19634 36167 0.9648247361183167
21701 32034 0.9933735132217407
21701 34101 0.9906532764434814
21701 36167 0.9977993369102478
23767 32034 0.7267693281173706
23767 34101 0.8562182188034058
23767 36167 0.922500491142273
25834 50634 0.16138812899589539
27901 50634 0.5773787498474121
29967 50634 0.8862012028694153
25834 13434 0.33437061309814453
25834 15501 0.03454357013106346
25834 17567 0.017043789848685265
27901 13434 0.21763557195663452
27901 15501 0.728827714920044
27901 17567 0.0032199996057897806
29967 13434 0.033453650772571564
29967 15501 0.9143028259277344
29967 17567 0.002330467104911804
19634 1034 0.0
19634 3101 0.0
19634 5167 0.0
21701 1034 0.0
21701 3101 0.0
21701 5167 0.0
23767 1034 0.0
23767 3101 0.0
23767 5167 0.0
19634 38234 0.9152773022651672
19634 40301 0.9638192057609558
19634 42367 0.1098952442407608
21701 38234 0.9941153526306152
21701 40301 0.8875998854637146
21701 42367 0.2607326805591583
23767 38234 0.9914206266403198
23767 40301 0.8096415400505066
23767 42367 0.8107813596725464
32034 1034 0.0
32034 3101 0.0
32034 5167 0.0
34101 1034 0.0
34101 3101 0.0
34101 5167 0.6102980971336365
36167 1034 0.0
36167 3101 0.0027715847827494144
36167 5167 0.9629784226417542
25834 19634 0.018035264685750008
25834 21701 0.7632837891578674
25834 23767 0.9772272706031799
27901 19634 0.004379366524517536
27901 21701 0.21672029793262482
27901 23767 0.994288444519043
29967 19634 0.030932577326893806
29967 21701 0.254297137260437
29967 23767 0.10085252672433853
19634 7234 0.0
19634 9301 0.07758522033691406
19634 11367 0.7744219303131104
21701 7234 0.0
21701 9301 0.7188436388969421
21701 11367 0.9411110281944275
23767 7234 0.0
23767 9301 0.7935200929641724
23767 11367 0.7511329650878906
19634 44434 0.19037491083145142
19634 46501 0.0738774761557579
19634 48567 0.36920949816703796
21701 44434 0.6320744752883911
21701 46501 0.24310892820358276
21701 48567 0.13040216267108917
23767 44434 0.4958619177341461
23767 46501 0.9454568028450012
23767 48567 0.17093823850154877
32034 7234 0.9781851768493652
32034 9301 0.9214411973953247
32034 11367 0.26913854479789734
34101 7234 0.9971592426300049
34101 9301 0.3535718321800232
34101 11367 0.5203346014022827
36167 7234 0.7023244500160217
36167 9301 0.17993460595607758
36167 11367 0.5582542419433594
25834 25834 0.4030551612377167
25834 27901 0.0057564848102629185
25834 29967 0.9449394941329956
27901 25834 0.9662603139877319
27901 27901 0.6183674931526184
27901 29967 0.9319033622741699
29967 25834 0.7875555753707886
29967 27901 0.871597945690155
29967 29967 0.8486393094062805
19634 13434 0.27624401450157166
19634 15501 0.07803208380937576
19634 17567 0.46395382285118103
21701 13434 0.934439480304718
21701 15501 0.6380546689033508
21701 17567 0.95680171251297
23767 13434 0.9971895813941956
23767 15501 0.9957157969474792
23767 17567 0.42669677734375
19634 50634 0.0
21701 50634 0.0
23767 50634 0.0
32034 13434 0.37950199842453003
32034 15501 0.6438593864440918
32034 17567 0.9892946481704712
34101 13434 0.6973194479942322
34101 15501 0.15174037218093872
34101 17567 0.5784727334976196
36167 13434 0.515170156955719
36167 15501 0.2224234789609909
36167 17567 0.9489290714263916
25834 32034 0.9734068512916565
25834 34101 0.9971285462379456
25834 36167 0.957061767578125
27901 32034 0.9971799850463867
27901 34101 0.8541545271873474
27901 36167 0.941537618637085
29967 32034 0.4156549274921417
29967 34101 0.9684032201766968
29967 36167 0.8065615296363831
32034 19634 0.7470458745956421
32034 21701 0.8027922511100769
32034 23767 0.27360859513282776
34101 19634 0.09252113848924637
34101 21701 0.9559147357940674
34101 23767 0.9739319086074829
36167 19634 0.8905829191207886
36167 21701 0.9925832748413086
36167 23767 0.9966733455657959
38234 1034 0.0
38234 3101 0.02475777640938759
38234 5167 0.17992371320724487
40301 1034 0.0
40301 3101 0.00708402507007122
40301 5167 0.0754319429397583
42367 1034 0.0
42367 3101 0.0005636640125885606
42367 5167 0.008821343071758747
38234 38234 0.8423645496368408
38234 40301 0.5650660395622253
38234 42367 0.7792701721191406
40301 38234 0.9834160804748535
40301 40301 0.9377865195274353
40301 42367 0.5577810406684875
42367 38234 0.8233013153076172
42367 40301 0.9429312944412231
42367 42367 0.9052773118019104
44434 19634 0.049650534987449646
44434 21701 0.020703522488474846
44434 23767 0.08960054069757462
46501 19634 0.04358673468232155
46501 21701 0.02193458378314972
46501 23767 0.00295281782746315
48567 19634 0.01516682468354702
48567 21701 0.0027030445635318756
48567 23767 0.0
32034 25834 0.8881313800811768
32034 27901 0.9274430274963379
32034 29967 0.9451492428779602
34101 25834 0.9748616814613342
34101 27901 0.7618619799613953
34101 29967 0.9863722920417786
36167 25834 0.9982692003250122
36167 27901 0.9922407865524292
36167 29967 0.9989827275276184
38234 7234 0.900027871131897
38234 9301 0.928682804107666
38234 11367 0.9968023300170898
40301 7234 0.002110645640641451
40301 9301 0.7780909538269043
40301 11367 0.9867960214614868
42367 7234 0.21311745047569275
42367 9301 0.023271583020687103
42367 11367 0.9479101896286011
38234 44434 0.701898992061615
38234 46501 0.998869001865387
38234 48567 0.948802649974823
40301 44434 0.7185772061347961
40301 46501 0.9539163708686829
40301 48567 0.8608841896057129
42367 44434 0.5372306108474731
42367 46501 0.9930233955383301
42367 48567 0.8855002522468567
44434 25834 0.0021823029965162277
44434 27901 0.021263273432850838
44434 29967 0.023987799882888794
46501 25834 0.003205465152859688
46501 27901 0.04215394705533981
46501 29967 0.01769336871802807
48567 25834 0.019733212888240814
48567 27901 0.018776865676045418
48567 29967 0.00797039084136486
32034 32034 0.9827890992164612
32034 34101 0.6830639243125916
32034 36167 0.47146186232566833
34101 32034 0.9524213075637817
34101 34101 0.9953925609588623
34101 36167 0.9792294502258301
36167 32034 0.998702883720398
36167 34101 0.9926621913909912
36167 36167 0.984741747379303
38234 13434 0.9967679977416992
38234 15501 0.7970218062400818
38234 17567 0.816755473613739
40301 13434 0.9297458529472351
40301 15501 0.9383061528205872
40301 17567 0.9092892408370972
42367 13434 0.5438199639320374
42367 15501 0.7637911438941956
42367 17567 0.10355385392904282
38234 50634 0.9912939667701721
40301 50634 0.9223125576972961
42367 50634 0.9543525576591492
44434 32034 0.36220771074295044
44434 34101 0.7307461500167847
44434 36167 0.9125167727470398
46501 32034 0.4473941922187805
46501 34101 0.9783872365951538
46501 36167 0.8603473901748657
48567 32034 0.0820140466094017
48567 34101 0.15304997563362122
48567 36167 0.31973057985305786
32034 38234 0.9248680472373962
32034 40301 0.9959267973899841
32034 42367 0.9893016219139099
34101 38234 0.9930945634841919
34101 40301 0.9847632050514221
34101 42367 0.9874488711357117
36167 38234 0.7961640954017639
36167 40301 0.9848376512527466
36167 42367 0.9593302011489868
44434 1034 0.0
44434 3101 0.008517860434949398
44434 5167 0.003594140289351344
46501 1034 0.002054080832749605
46501 3101 0.01107886154204607
46501 5167 0.0011554356897249818
48567 1034 0.00028231143369339406
48567 3101 0.011645308695733547
48567 5167 0.0017290059477090836
38234 19634 0.9466860890388489
38234 21701 0.9851418733596802
38234 23767 0.450776606798172
40301 19634 0.9374262094497681
40301 21701 0.04240858554840088
40301 23767 0.05571376904845238
42367 19634 0.01828130893409252
42367 21701 0.011204144917428493
42367 23767 0.004354857839643955
44434 38234 0.723385214805603
44434 40301 0.9044028520584106
44434 42367 0.47763925790786743
46501 38234 0.8019188642501831
46501 40301 0.5747122764587402
46501 42367 0.19400259852409363
48567 38234 0.3963882625102997
48567 40301 0.15516270697116852
48567 42367 0.060861602425575256
32034 44434 0.9984435439109802
32034 46501 0.9854981899261475
32034 48567 0.3271979093551636
34101 44434 0.4178474247455597
34101 46501 0.9470118284225464
34101 48567 0.5153980255126953
36167 44434 0.4053153693675995
36167 46501 0.995013415813446
36167 48567 0.7411297559738159
38234 25834 0.46064525842666626
38234 27901 0.7087083458900452
38234 29967 0.4551570415496826
40301 25834 0.010266905650496483
40301 27901 0.039997655898332596
40301 29967 0.7599380016326904
42367 25834 0.1720198690891266
42367 27901 0.07559329271316528
42367 29967 0.14310960471630096
44434 7234 0.012779860757291317
44434 9301 0.07501158863306046
44434 11367 0.023394307121634483
46501 7234 0.0431007519364357
46501 9301 0.006449205335229635
46501 11367 0.009622849524021149
48567 7234 0.022760575637221336
48567 9301 0.02707238681614399
48567 11367 0.001150268130004406
32034 50634 0.7785684466362
34101 50634 0.5852581262588501
36167 50634 0.7546253204345703
44434 44434 0.5388084053993225
44434 46501 0.5665506720542908
44434 48567 0.9738796949386597
46501 44434 0.16399028897285461
46501 46501 0.19660508632659912
46501 48567 0.23809827864170074
48567 44434 0.009140231646597385
48567 46501 0.00190853385720402
48567 48567 0.013746212236583233
38234 32034 0.7693708539009094
38234 34101 0.035268038511276245
38234 36167 0.9652959108352661
40301 32034 0.7423149347305298
40301 34101 0.48513561487197876
40301 36167 0.5563538670539856
42367 32034 0.4430069625377655
42367 34101 0.49074140191078186
42367 36167 0.35941678285598755
44434 13434 0.08298574388027191
44434 15501 0.13740158081054688
44434 17567 0.04727039113640785
46501 13434 0.018254129216074944
46501 15501 0.09380540251731873
46501 17567 0.0161301176995039
48567 13434 0.0028318804688751698
48567 15501 0.000473964522825554
48567 17567 0.0018193835858255625
44434 50634 0.8880517482757568
46501 50634 0.7943161725997925
48567 50634 0.04358028247952461
50634 1034 5.176631748327054e-05
50634 3101 5.3710973588749766e-05
50634 5167 0.002874137368053198
52701 1034 0.0
52701 3101 0.018471384420990944
52701 5167 0.005915012676268816
54767 1034 0.0
54767 3101 0.0
54767 5167 0.0010802781907841563
56834 19634 0.0
56834 21701 0.0
56834 23767 0.0
58901 19634 0.0
58901 21701 0.0
58901 23767 0.0
50634 38234 0.05618885159492493
50634 40301 0.010294722393155098
50634 42367 0.007521031890064478
52701 38234 0.02287362515926361
52701 40301 0.004566592629998922
52701 42367 0.010054247453808784
54767 38234 0.0005612382083199918
54767 40301 0.004893934819847345
54767 42367 0.08837615698575974
56834 25834 0.0
56834 27901 0.0
56834 29967 0.0
58901 25834 0.0
58901 27901 0.0
58901 29967 0.0
50634 7234 0.00015422023716382682
50634 9301 0.5640442967414856
50634 11367 0.0155387744307518
52701 7234 0.030078096315264702
52701 9301 0.0023731535766273737
52701 11367 0.0006992968847043812
54767 7234 0.005218489095568657
54767 9301 0.00020858077914454043
54767 11367 9.933424735208973e-05
50634 44434 0.0009007907356135547
50634 46501 0.015173180028796196
50634 48567 0.003839715849608183
52701 44434 0.007589952554553747
52701 46501 0.005271380301564932
52701 48567 0.0
54767 44434 0.003344598924741149
54767 46501 0.0
54767 48567 0.0
56834 32034 0.0
56834 34101 0.0
56834 36167 0.0002535162784624845
58901 32034 0.0
58901 34101 0.0
58901 36167 0.00019036393496207893
50634 13434 0.0004969690344296396
50634 15501 0.0003487448557280004
50634 17567 0.0006250687874853611
52701 13434 0.009283161722123623
52701 15501 0.0026573592331260443
52701 17567 0.0107486667111516
54767 13434 0.00029787837411276996
54767 15501 0.0005695684812963009
54767 17567 0.0
50634 50634 0.0013629754539579153
52701 50634 0.0
54767 50634 0.0
56834 38234 0.0006559385219588876
56834 40301 0.002656240714713931
56834 42367 0.0
58901 38234 0.0005530653288587928
58901 40301 0.0
58901 42367 0.0
56834 1034 0.0
56834 3101 0.0
56834 5167 0.0030111048836261034
58901 1034 0.0
58901 3101 0.0
58901 5167 0.0
50634 19634 5.4284239013213664e-05
50634 21701 0.0
50634 23767 0.00037240347592160106
52701 19634 0.0
52701 21701 0.0
52701 23767 0.00026993738720193505
54767 19634 0.0
54767 21701 0.0
54767 23767 0.0
56834 44434 0.0
56834 46501 0.0
56834 48567 0.0
58901 44434 0.0
58901 46501 0.0
58901 48567 0.0
56834 7234 0.11833822727203369
56834 9301 0.024039441719651222
56834 11367 0.0014419950312003493
58901 7234 0.0
58901 9301 0.0402398556470871
58901 11367 0.040677767246961594
56834 50634 0.0
58901 50634 0.0
50634 25834 0.00031437171855941415
50634 27901 0.0006076116114854813
50634 29967 0.0009637879556976259
52701 25834 0.00016792216047178954
52701 27901 7.262121653184295e-05
52701 29967 0.001098006498068571
54767 25834 0.0
54767 27901 0.0
54767 29967 0.0
56834 13434 0.09261469542980194
56834 15501 0.0
56834 17567 0.0
58901 13434 0.016015231609344482
58901 15501 0.0
58901 17567 0.0
50634 32034 0.0023437656927853823
50634 34101 0.0006627659313380718
50634 36167 0.011724560521543026
52701 32034 7.773377728881314e-05
52701 34101 6.608591502299532e-05
52701 36167 0.0038722516037523746
54767 32034 0.0
54767 34101 0.0
54767 36167 0.0
