13434 1034 1.4122731685638428 218.4652557373047 0.0
13434 3101 1.754010796546936 218.30612182617188 0.0
13434 5167 0.9345204830169678 218.30877685546875 0.0
15501 1034 1.0010788440704346 218.41903686523438 0.0
15501 3101 1.1455472707748413 218.3172149658203 0.0
15501 5167 1.2379604578018188 218.17982482910156 0.0
17567 1034 1.340628981590271 218.41903686523438 0.0
17567 3101 1.8004460334777832 218.22711181640625 0.0
17567 5167 1.3614420890808105 218.1795196533203 0.0
1034 1034 1.0627080202102661 218.38650512695312 0.0
1034 3101 2.2272496223449707 218.2196807861328 0.0
1034 5167 0.9809222221374512 218.44273376464844 0.0
3101 1034 0.8514264822006226 218.45591735839844 0.0
3101 3101 1.2212045192718506 218.47947692871094 0.0
3101 5167 1.0471675395965576 218.45904541015625 0.0
5167 1034 0.8282620906829834 218.5640106201172 0.0
5167 3101 0.8933452367782593 218.51162719726562 0.0
5167 5167 1.1341843605041504 218.42236328125 0.0
1034 38234 0.8446483612060547 218.0339813232422 0.0
1034 40301 0.8152065873146057 218.25450134277344 0.0
1034 42367 3.4736223220825195 217.86134338378906 0.0
3101 38234 15.435778617858887 209.04759216308594 0.0
3101 40301 1.1332192420959473 218.0486602783203 0.0
3101 42367 1.4769445657730103 218.33718872070312 0.0
5167 38234 18.2869873046875 194.08543395996094 0.0
5167 40301 17.39350128173828 205.3550262451172 0.0
5167 42367 1.8336211442947388 218.09762573242188 0.0
7234 19634 18.729755401611328 190.7105712890625 0.0
7234 21701 20.01448631286621 190.07186889648438 0.0
7234 23767 18.516746520996094 191.07815551757812 0.0
9301 19634 17.472766876220703 192.36318969726562 0.0
9301 21701 19.94184112548828 189.9568634033203 0.0
9301 23767 21.744049072265625 186.77101135253906 0.0
11367 19634 17.038114547729492 193.64309692382812 0.0
11367 21701 17.374685287475586 193.85614013671875 0.0
11367 23767 18.399608612060547 192.96331787109375 0.0
7234 25834 21.48749351501465 188.75997924804688 0.0
7234 27901 15.856501579284668 195.37228393554688 0.0
7234 29967 15.019719123840332 196.96481323242188 0.0
9301 25834 15.799246788024902 195.285888671875 0.0
9301 27901 15.967805862426758 195.96788024902344 0.0
9301 29967 15.448092460632324 197.14305114746094 0.0
11367 25834 14.517814636230469 196.190673828125 0.0
11367 27901 15.533425331115723 195.13731384277344 0.0
11367 29967 15.939830780029297 195.6942901611328 0.0
1034 44434 5.20145845413208 216.9438934326172 0.0
1034 46501 1.018587589263916 218.29795837402344 0.0
1034 48567 0.9081171751022339 218.3828887939453 0.0
3101 44434 4.429164886474609 217.39161682128906 0.0
3101 46501 4.45562744140625 217.330078125 0.0
3101 48567 1.5133399963378906 218.3430633544922 0.0
5167 44434 0.8050086498260498 218.43443298339844 0.0
5167 46501 5.838221549987793 216.75892639160156 0.0
5167 48567 3.3158836364746094 217.8575897216797 0.0
1034 7234 1.1411129236221313 218.29371643066406 0.0
1034 9301 0.9875883460044861 218.26596069335938 0.0
1034 11367 0.9270676970481873 218.0282745361328 0.0
3101 7234 0.9128776788711548 218.3448028564453 0.0
3101 9301 1.0590171813964844 217.9371337890625 0.0
3101 11367 1.149754524230957 217.8984832763672 0.0
5167 7234 0.9671847224235535 218.3245086669922 0.0
5167 9301 1.4881840944290161 218.125732421875 0.0
5167 11367 4.432859897613525 217.489990234375 0.0
13434 7234 0.8424715399742126 218.32223510742188 0.0
13434 9301 4.816473484039307 217.4845733642578 0.0
13434 11367 14.808402061462402 194.97938537597656 0.0
15501 7234 1.2110300064086914 218.42193603515625 0.0
15501 9301 2.4864537715911865 217.83416748046875 0.0
15501 11367 16.746570587158203 193.3184814453125 0.0
17567 7234 0.8529983758926392 218.37010192871094 0.0
17567 9301 12.873732566833496 214.1592559814453 0.0
17567 11367 19.61213493347168 190.34622192382812 0.0
1034 50634 0.9485169649124146 218.72193908691406 0.0
3101 50634 1.0919175148010254 218.58412170410156 0.0
5167 50634 0.8687241077423096 218.65223693847656 0.0
7234 32034 14.567413330078125 197.59994506835938 0.0
7234 34101 15.133537292480469 199.36453247070312 0.0
7234 36167 12.068041801452637 194.24468994140625 0.0
9301 32034 15.969101905822754 195.64093017578125 0.0
9301 34101 13.70054817199707 195.91004943847656 0.0
9301 36167 15.258913040161133 194.54747009277344 0.0
11367 32034 15.613101959228516 196.08653259277344 0.0
11367 34101 15.665385246276855 193.93003845214844 0.0
11367 36167 18.462316513061523 192.05868530273438 0.0
13434 13434 19.029605865478516 190.83917236328125 0.0
13434 15501 19.374530792236328 190.06231689453125 0.0
13434 17567 16.245744705200195 192.3499298095703 0.0
15501 13434 16.806354522705078 194.68421936035156 0.0
15501 15501 19.859844207763672 191.31336975097656 0.0
15501 17567 18.418128967285156 191.0690460205078 0.0
17567 13434 17.31842803955078 194.3587646484375 0.0
17567 15501 16.71137046813965 195.23171997070312 0.0
17567 17567 17.291824340820312 194.8774871826172 0.0
1034 13434 0.8930529952049255 217.98683166503906 0.0
1034 15501 1.875173807144165 218.1710968017578 0.0
1034 17567 2.6255900859832764 218.1782684326172 0.0
3101 13434 15.8218994140625 200.51512145996094 0.0
3101 15501 17.11453628540039 194.11196899414062 0.0
3101 17567 16.142318725585938 193.50877380371094 0.0
5167 13434 13.663177490234375 197.65696716308594 0.0
5167 15501 16.701583862304688 193.30987548828125 0.0
5167 17567 18.989322662353516 194.91551208496094 0.0
7234 1034 1.152312159538269 218.47727966308594 0.0
7234 3101 0.8225615620613098 218.4547576904297 0.0
7234 5167 0.8241042494773865 218.29632568359375 0.0
9301 1034 1.0197429656982422 218.51841735839844 0.0
9301 3101 0.830286979675293 218.44351196289062 0.0
9301 5167 1.102981686592102 218.3274383544922 0.0
11367 1034 1.3700709342956543 218.49102783203125 0.0
11367 3101 1.1348485946655273 218.42344665527344 0.0
11367 5167 1.149205207824707 218.3114013671875 0.0
7234 38234 16.217863082885742 192.33267211914062 0.0
7234 40301 19.638813018798828 191.5517578125 0.0
7234 42367 15.994511604309082 204.8483428955078 0.0
9301 38234 17.26335906982422 192.76121520996094 0.0
9301 40301 21.00721549987793 189.31260681152344 0.0
9301 42367 16.049659729003906 194.8187255859375 0.0
11367 38234 20.827239990234375 189.04090881347656 0.0
11367 40301 18.559412002563477 193.4439239501953 0.0
11367 42367 16.548070907592773 196.94793701171875 0.0
13434 19634 16.86345672607422 193.62612915039062 0.0
13434 21701 17.260746002197266 193.39169311523438 0.0
13434 23767 16.59867286682129 194.5395965576172 0.0
15501 19634 19.003936767578125 190.18133544921875 0.0
15501 21701 17.309123992919922 193.51182556152344 0.0
15501 23767 15.280719757080078 195.5581817626953 0.0
17567 19634 18.078079223632812 192.81077575683594 0.0
17567 21701 17.003807067871094 193.20880126953125 0.0
17567 23767 17.60536003112793 196.2861785888672 0.0
1034 19634 4.2435197830200195 217.69345092773438 0.0
1034 21701 4.448090553283691 217.2968292236328 0.0
1034 23767 0.9139915108680725 218.0860595703125 0.0
3101 19634 16.610336303710938 193.85470581054688 0.0
3101 21701 16.182039260864258 194.1876678466797 0.0
3101 23767 17.99092674255371 192.34019470214844 0.0
5167 19634 18.108911514282227 195.46713256835938 0.0
5167 21701 19.319087982177734 191.64004516601562 0.0
5167 23767 19.198177337646484 191.212890625 0.0
7234 7234 0.9763835668563843 218.1205291748047 0.0
7234 9301 0.938888669013977 218.2154541015625 0.0
7234 11367 8.16368579864502 215.77926635742188 0.0
9301 7234 0.8134427070617676 218.052001953125 0.0
9301 9301 0.8887594938278198 218.28456115722656 0.0
9301 11367 14.601072311401367 210.67251586914062 0.0
11367 7234 1.6033895015716553 218.3528594970703 0.0
11367 9301 0.8943250775337219 218.1444091796875 0.0
11367 11367 16.636343002319336 201.1428680419922 0.0
7234 44434 0.9528133869171143 218.139892578125 0.0
7234 46501 1.7455952167510986 218.0131378173828 0.0
7234 48567 6.72433614730835 215.45726013183594 0.0
9301 44434 18.300434112548828 208.805908203125 0.0
9301 46501 0.9169854521751404 218.1451873779297 0.0
9301 48567 3.1737797260284424 217.8902130126953 0.0
11367 44434 19.006874084472656 199.24234008789062 0.0
11367 46501 19.941818237304688 206.25286865234375 0.0
11367 48567 7.120168209075928 216.49427795410156 0.0
13434 25834 13.499238967895508 196.98304748535156 0.0
13434 27901 14.893168449401855 196.47889709472656 0.0
13434 29967 14.515661239624023 195.75161743164062 0.0
15501 25834 15.5814208984375 194.9591522216797 0.0
15501 27901 16.273544311523438 194.1873779296875 0.0
15501 29967 17.161386489868164 194.73976135253906 0.0
17567 25834 16.265775680541992 193.22642517089844 0.0
17567 27901 16.534523010253906 194.91983032226562 0.0
17567 29967 18.742361068725586 194.11477661132812 0.0
1034 25834 0.8168433904647827 218.09829711914062 0.0
1034 27901 0.942373514175415 218.04592895507812 0.0
1034 29967 0.8454011082649231 218.2489471435547 0.0
3101 25834 15.676896095275879 198.0005645751953 0.0
3101 27901 18.883268356323242 196.89596557617188 0.0
3101 29967 17.43585205078125 198.71946716308594 0.0
5167 25834 16.326749801635742 195.0716094970703 0.0
5167 27901 21.373851776123047 189.54214477539062 0.0
5167 29967 16.27779769897461 195.58026123046875 0.0
7234 50634 1.2186551094055176 218.44386291503906 0.0
9301 50634 7.031382083892822 215.9387969970703 0.0
11367 50634 7.470733642578125 216.29385375976562 0.0
7234 13434 14.702475547790527 196.0181121826172 0.0
7234 15501 16.360801696777344 195.8203125 0.0
7234 17567 18.96517562866211 197.1215362548828 0.0
9301 13434 15.218427658081055 196.2026824951172 0.0
9301 15501 17.54039192199707 194.8148651123047 0.0
9301 17567 20.732818603515625 190.1914520263672 0.0
11367 13434 16.0767822265625 195.3605499267578 0.0
11367 15501 18.79910659790039 193.33892822265625 0.0
11367 17567 18.93402099609375 194.6465606689453 0.0
13434 32034 14.880247116088867 196.05215454101562 0.0
13434 34101 16.470548629760742 193.96080017089844 0.0
13434 36167 18.501070022583008 192.63621520996094 0.0
15501 32034 20.219757080078125 190.58456420898438 0.0
15501 34101 18.048370361328125 194.47280883789062 0.0
15501 36167 20.495515823364258 190.9605712890625 0.0
17567 32034 23.73598861694336 187.12294006347656 0.0
17567 34101 19.22217559814453 193.3528289794922 0.0
17567 36167 23.240991592407227 188.5618438720703 0.0
1034 32034 0.8561224937438965 217.92608642578125 0.0
1034 34101 0.9116165637969971 218.2526092529297 0.0
1034 36167 1.1050231456756592 218.21011352539062 0.0
3101 32034 17.518848419189453 199.6792449951172 0.0
3101 34101 18.319931030273438 203.33827209472656 0.0
3101 36167 15.1148042678833 205.05697631835938 0.0
5167 32034 13.715388298034668 198.26187133789062 0.0
5167 34101 18.29498863220215 202.5182647705078 0.0
5167 36167 13.853095054626465 196.3141632080078 0.0
13434 38234 18.466093063354492 196.23631286621094 0.0
13434 40301 18.47257423400879 196.52186584472656 0.0
13434 42367 15.607767105102539 200.50665283203125 0.0
15501 38234 21.46432876586914 194.7073211669922 0.0
15501 40301 19.573694229125977 191.80364990234375 0.0
15501 42367 15.484597206115723 196.09323120117188 0.0
17567 38234 19.586807250976562 191.40565490722656 0.0
17567 40301 19.069913864135742 192.28427124023438 0.0
17567 42367 16.47386932373047 192.97427368164062 0.0
19634 19634 16.630455017089844 194.5712432861328 0.0
19634 21701 17.598791122436523 191.55821228027344 0.0
19634 23767 17.189373016357422 190.65333557128906 0.0
21701 19634 19.200037002563477 192.11473083496094 0.0
21701 21701 19.053123474121094 191.3665008544922 0.0
21701 23767 18.98469352722168 195.25889587402344 0.0
23767 19634 16.490747451782227 193.09744262695312 0.0
23767 21701 17.504026412963867 192.81179809570312 0.0
23767 23767 18.577632904052734 192.3172607421875 0.0
25834 1034 1.7157648801803589 218.54037475585938 0.0
25834 3101 1.6515268087387085 218.3953094482422 0.0
25834 5167 1.122748851776123 218.1505126953125 0.0
27901 1034 0.9277466535568237 218.65621948242188 0.0
27901 3101 1.1327136754989624 218.4440460205078 0.0
27901 5167 1.4239201545715332 218.16647338867188 0.0
29967 1034 0.9604043960571289 218.7373809814453 0.0
29967 3101 1.3415690660476685 218.4495391845703 0.0
29967 5167 1.3528790473937988 218.06544494628906 0.0
25834 38234 17.409269332885742 195.93209838867188 0.0
25834 40301 15.522931098937988 196.56822204589844 0.0
25834 42367 17.913127899169922 191.47659301757812 0.0
27901 38234 18.554033279418945 192.59024047851562 0.0
27901 40301 17.397789001464844 192.29165649414062 0.0
27901 42367 16.519813537597656 192.75503540039062 0.0
29967 38234 17.200899124145508 192.29275512695312 0.0
29967 40301 18.39994239807129 190.12997436523438 0.0
29967 42367 20.391273498535156 191.63153076171875 0.0
13434 44434 15.993863105773926 206.31768798828125 0.0
13434 46501 18.311443328857422 200.2600860595703 0.0
13434 48567 11.033297538757324 214.29872131347656 0.0
15501 44434 18.12978744506836 196.90386962890625 0.0
15501 46501 19.401948928833008 196.62420654296875 0.0
15501 48567 20.36521339416504 208.31907653808594 0.0
17567 44434 23.86331558227539 185.10169982910156 0.0
17567 46501 22.78174591064453 191.79388427734375 0.0
17567 48567 21.67621612548828 206.26524353027344 0.0
19634 25834 15.858270645141602 193.23106384277344 0.0
19634 27901 16.32914161682129 193.4000701904297 0.0
19634 29967 19.94049072265625 194.23057556152344 0.0
21701 25834 17.253826141357422 192.05377197265625 0.0
21701 27901 17.25633430480957 193.6904754638672 0.0
21701 29967 19.01558494567871 193.01864624023438 0.0
23767 25834 17.194011688232422 192.58978271484375 0.0
23767 27901 16.898427963256836 195.59214782714844 0.0
23767 29967 15.746492385864258 195.3583221435547 0.0
25834 7234 6.971661567687988 216.15841674804688 0.0
25834 9301 13.900084495544434 193.37295532226562 0.0
25834 11367 15.105388641357422 193.6865997314453 0.0
27901 7234 14.268214225769043 209.7902069091797 0.0
27901 9301 19.289342880249023 187.97007751464844 0.0
27901 11367 18.65448570251465 188.97193908691406 0.0
29967 7234 20.208393096923828 198.12522888183594 0.0
29967 9301 18.586862564086914 189.22256469726562 0.0
29967 11367 19.323671340942383 187.81787109375 0.0
25834 44434 22.409332275390625 189.7345733642578 0.0
25834 46501 21.49151611328125 191.84129333496094 0.0
25834 48567 19.832380294799805 193.4280242919922 0.0
27901 44434 19.746551513671875 189.76577758789062 0.0
27901 46501 20.945083618164062 190.23590087890625 0.0
27901 48567 18.47370719909668 193.75831604003906 0.0
29967 44434 19.054302215576172 191.82667541503906 0.0
29967 46501 21.216899871826172 189.14463806152344 0.0
29967 48567 19.852092742919922 190.87416076660156 0.0
13434 50634 1.2485785484313965 218.3289337158203 0.0
15501 50634 0.9138063192367554 218.39849853515625 0.0
17567 50634 1.75735342502594 218.10073852539062 0.0
19634 32034 20.568225860595703 194.15240478515625 0.0
19634 34101 19.06170082092285 193.0011444091797 0.0
19634 36167 23.96346092224121 189.3597869873047 0.0
21701 32034 18.773069381713867 192.84703063964844 0.0
21701 34101 15.392677307128906 195.0185546875 0.0
21701 36167 21.61227035522461 190.09812927246094 0.0
23767 32034 14.190696716308594 196.58139038085938 0.0
23767 34101 15.299212455749512 195.63900756835938 0.0
23767 36167 16.368141174316406 193.28697204589844 0.0
25834 50634 13.030915260314941 213.91587829589844 0.0
27901 50634 20.765888214111328 204.44668579101562 0.0
29967 50634 21.339439392089844 202.97808837890625 0.0
25834 13434 15.83806037902832 193.282470703125 0.0
25834 15501 15.526559829711914 192.96409606933594 0.0
25834 17567 15.218533515930176 193.40806579589844 0.0
27901 13434 16.594011306762695 191.48834228515625 0.0
27901 15501 18.611364364624023 189.30392456054688 0.0
27901 17567 15.066015243530273 193.85220336914062 0.0
29967 13434 18.033662796020508 191.05397033691406 0.0
29967 15501 17.942995071411133 189.85028076171875 0.0
29967 17567 15.773842811584473 192.92213439941406 0.0
19634 1034 1.0272248983383179 218.4627685546875 0.0
19634 3101 1.8272100687026978 217.8965606689453 0.0
19634 5167 1.1872843503952026 218.2180633544922 0.0
21701 1034 1.701569676399231 218.4727325439453 0.0
21701 3101 1.2102327346801758 218.020751953125 0.0
21701 5167 1.0488550662994385 218.19503784179688 0.0
23767 1034 1.3796567916870117 218.58644104003906 0.0
23767 3101 1.6158509254455566 218.33741760253906 0.0
23767 5167 1.04482102394104 218.2013702392578 0.0
19634 38234 20.921974182128906 190.44862365722656 0.0
19634 40301 17.51569366455078 194.52560424804688 0.0
19634 42367 19.123605728149414 192.60939025878906 0.0
21701 38234 17.58403968811035 194.43731689453125 0.0
21701 40301 17.191667556762695 197.53933715820312 0.0
21701 42367 18.99880027770996 196.0784149169922 0.0
23767 38234 16.96973991394043 195.05563354492188 0.0
23767 40301 17.021615982055664 199.2935791015625 0.0
23767 42367 20.260204315185547 189.9717254638672 0.0
32034 1034 0.9489815831184387 218.7564239501953 0.0
32034 3101 1.1989662647247314 218.4186248779297 0.0
32034 5167 10.455337524414062 215.1752471923828 0.0
34101 1034 1.0230602025985718 218.71524047851562 0.0
34101 3101 1.3069946765899658 218.2499542236328 0.0
34101 5167 19.587472915649414 203.1171875 0.0
36167 1034 0.9249452352523804 218.55758666992188 0.0
36167 3101 12.354368209838867 212.78485107421875 0.0
36167 5167 19.430200576782227 190.83180236816406 0.0
25834 19634 14.860347747802734 194.5602569580078 0.0
25834 21701 17.46102523803711 192.25682067871094 0.0
25834 23767 19.977249145507812 191.27459716796875 0.0
27901 19634 15.535727500915527 193.6466522216797 0.0
27901 21701 16.838829040527344 191.7440643310547 0.0
27901 23767 21.963228225708008 192.2071990966797 0.0
29967 19634 15.672200202941895 193.97137451171875 0.0
29967 21701 20.32865333557129 190.750244140625 0.0
29967 23767 15.984832763671875 193.94482421875 0.0
19634 7234 0.907596230506897 218.23733520507812 0.0
19634 9301 18.94374656677246 206.93685913085938 0.0
19634 11367 17.293203353881836 191.62185668945312 0.0
21701 7234 1.018408179283142 218.03271484375 0.0
21701 9301 20.24605369567871 201.80628967285156 0.0
21701 11367 19.502939224243164 190.24786376953125 0.0
23767 7234 3.274003505706787 217.9187469482422 0.0
23767 9301 20.203723907470703 198.36337280273438 0.0
23767 11367 20.42607307434082 193.8964080810547 0.0
19634 44434 24.027631759643555 199.20077514648438 0.0
19634 46501 16.69769859313965 209.2820587158203 0.0
19634 48567 18.201309204101562 207.59326171875 0.0
21701 44434 22.50676727294922 191.4532470703125 0.0
21701 46501 24.564363479614258 200.02490234375 0.0
21701 48567 18.700620651245117 208.2032012939453 0.0
23767 44434 23.684228897094727 183.9436798095703 0.0
23767 46501 24.980018615722656 187.2998504638672 0.0
23767 48567 23.689443588256836 193.93101501464844 0.0
32034 7234 17.144493103027344 192.16612243652344 0.0
32034 9301 19.722110748291016 187.05496215820312 0.0
32034 11367 19.058795928955078 187.65347290039062 0.0
34101 7234 18.775592803955078 189.58421325683594 0.0
34101 9301 18.23397445678711 188.72900390625 0.0
34101 11367 16.74202537536621 188.24412536621094 0.0
36167 7234 18.684785842895508 188.135986328125 0.0
36167 9301 17.897890090942383 188.87026977539062 0.0
36167 11367 16.987119674682617 190.40419006347656 0.0
25834 25834 18.57928466796875 192.38623046875 0.0
25834 27901 16.267047882080078 195.2063446044922 0.0
25834 29967 16.447980880737305 195.33973693847656 0.0
27901 25834 19.16309356689453 191.52870178222656 0.0
27901 27901 18.393312454223633 193.055419921875 0.0
27901 29967 18.513965606689453 193.53466796875 0.0
29967 25834 17.528207778930664 192.31082153320312 0.0
29967 27901 19.421220779418945 190.64208984375 0.0
29967 29967 18.14942741394043 194.61398315429688 0.0
19634 13434 16.835636138916016 192.97877502441406 0.0
19634 15501 17.25379180908203 193.17446899414062 0.0
19634 17567 16.69124984741211 195.5199737548828 0.0
21701 13434 17.881410598754883 189.58018493652344 0.0
21701 15501 18.22930145263672 191.75282287597656 0.0
21701 17567 18.395978927612305 191.10084533691406 0.0
23767 13434 19.841514587402344 191.7855224609375 0.0
23767 15501 17.952129364013672 190.51019287109375 0.0
23767 17567 18.01495361328125 191.37648010253906 0.0
19634 50634 1.1340932846069336 218.15586853027344 0.0
21701 50634 1.662776231765747 217.14736938476562 0.0
23767 50634 1.470714807510376 218.09759521484375 0.0
32034 13434 18.62621307373047 190.06802368164062 0.0
32034 15501 18.342082977294922 189.72596740722656 0.0
32034 17567 17.885160446166992 190.98876953125 0.0
34101 13434 17.607730865478516 188.29783630371094 0.0
34101 15501 17.370553970336914 189.17453002929688 0.0
34101 17567 18.30388832092285 188.09329223632812 0.0
36167 13434 17.076854705810547 190.5232696533203 0.0
36167 15501 16.26363754272461 189.9276885986328 0.0
36167 17567 21.216596603393555 188.1458282470703 0.0
25834 32034 18.521888732910156 193.37326049804688 0.0
25834 34101 16.7748966217041 195.04151916503906 0.0
25834 36167 17.393390655517578 194.2005157470703 0.0
27901 32034 19.73659324645996 193.6353759765625 0.0
27901 34101 17.6140079498291 193.9023895263672 0.0
27901 36167 18.024578094482422 191.78610229492188 0.0
29967 32034 18.319412231445312 193.1582489013672 0.0
29967 34101 18.572328567504883 191.7207794189453 0.0
29967 36167 18.47625732421875 197.05712890625 0.0
32034 19634 17.99761962890625 190.65403747558594 0.0
32034 21701 17.438133239746094 192.08984375 0.0
32034 23767 17.2464656829834 192.6372833251953 0.0
34101 19634 16.749418258666992 190.92234802246094 0.0
34101 21701 20.295114517211914 188.11424255371094 0.0
34101 23767 18.874494552612305 188.67941284179688 0.0
36167 19634 17.878385543823242 190.10565185546875 0.0
36167 21701 19.11993980407715 188.85914611816406 0.0
36167 23767 19.746261596679688 186.50244140625 0.0
38234 1034 1.6796549558639526 218.4778289794922 0.0
38234 3101 25.407556533813477 198.3636016845703 0.0
38234 5167 24.896827697753906 186.39002990722656 0.0
40301 1034 7.65156888961792 217.64108276367188 0.0
40301 3101 38.18013381958008 183.3282928466797 0.0
40301 5167 26.480989456176758 185.53265380859375 0.0
42367 1034 1.2924903631210327 218.18927001953125 0.0
42367 3101 24.31098747253418 194.10308837890625 0.0
42367 5167 20.36168670654297 188.59475708007812 0.0
38234 38234 18.849809646606445 186.6708221435547 0.0
38234 40301 18.512699127197266 186.7344970703125 0.0
38234 42367 19.58038902282715 185.75599670410156 0.0
40301 38234 22.535743713378906 179.35421752929688 0.0
40301 40301 23.066617965698242 179.72666931152344 0.0
40301 42367 23.20774269104004 178.5551300048828 0.0
42367 38234 24.55004119873047 178.25375366210938 0.0
42367 40301 23.878454208374023 180.4368896484375 0.0
42367 42367 24.597665786743164 179.9510498046875 0.0
44434 19634 17.6938419342041 185.61326599121094 0.0
44434 21701 20.0285701751709 186.28038024902344 0.0
44434 23767 22.321157455444336 188.91197204589844 0.0
46501 19634 25.65966796875 180.88424682617188 0.0
46501 21701 25.517744064331055 183.26744079589844 0.0
46501 23767 27.594999313354492 189.84625244140625 0.0
48567 19634 27.651077270507812 189.3626251220703 0.0
48567 21701 24.3182373046875 205.2005157470703 0.0
48567 23767 11.086771965026855 215.6929931640625 0.0
32034 25834 18.954511642456055 188.7238311767578 0.0
32034 27901 18.848764419555664 189.03036499023438 0.0
32034 29967 18.233646392822266 192.52806091308594 0.0
34101 25834 20.698434829711914 186.66477966308594 0.0
34101 27901 18.796920776367188 187.3091583251953 0.0
34101 29967 18.410297393798828 189.56625366210938 0.0
36167 25834 19.892608642578125 187.26300048828125 0.0
36167 27901 19.323760986328125 191.00221252441406 0.0
36167 29967 20.52294158935547 188.6346893310547 0.0
38234 7234 20.225160598754883 187.5941619873047 0.0
38234 9301 20.741182327270508 184.17477416992188 0.0
38234 11367 23.316556930541992 182.43663024902344 0.0
40301 7234 21.11418342590332 188.82342529296875 0.0
40301 9301 25.77193832397461 184.32386779785156 0.0
40301 11367 24.44210433959961 181.6899871826172 0.0
42367 7234 20.5799560546875 187.31057739257812 0.0
42367 9301 28.380643844604492 180.3611602783203 0.0
42367 11367 26.227964401245117 178.57102966308594 0.0
38234 44434 20.08678436279297 185.46456909179688 0.0
38234 46501 24.982351303100586 181.2131805419922 0.0
38234 48567 22.665132522583008 181.70054626464844 0.0
40301 44434 23.235441207885742 179.84442138671875 0.0
40301 46501 25.78015899658203 180.76358032226562 0.0
40301 48567 22.035436630249023 178.35435485839844 0.0
42367 44434 23.72164535522461 179.77552795410156 0.0
42367 46501 26.045902252197266 177.92454528808594 0.0
42367 48567 24.815933227539062 176.84742736816406 0.0
44434 25834 23.085689544677734 187.52137756347656 0.0
44434 27901 22.68303680419922 185.93692016601562 0.0
44434 29967 24.133161544799805 183.5614013671875 0.0
46501 25834 28.389572143554688 196.1221160888672 0.0
46501 27901 28.5715389251709 187.0063934326172 0.0
46501 29967 29.405921936035156 188.0118865966797 0.0
48567 25834 23.048786163330078 209.8577423095703 0.0
48567 27901 27.161190032958984 191.92465209960938 0.0
48567 29967 29.20573616027832 189.73074340820312 0.0
32034 32034 21.067174911499023 190.09837341308594 0.0
32034 34101 20.499862670898438 187.51791381835938 0.0
32034 36167 17.87371826171875 191.4060821533203 0.0
34101 32034 19.731449127197266 188.89376831054688 0.0
34101 34101 22.53957176208496 184.91976928710938 0.0
34101 36167 18.895931243896484 189.48233032226562 0.0
36167 32034 20.654451370239258 188.45254516601562 0.0
36167 34101 20.064395904541016 187.28485107421875 0.0
36167 36167 20.250141143798828 187.0348663330078 0.0
38234 13434 23.786773681640625 182.62069702148438 0.0
38234 15501 21.548866271972656 185.94288635253906 0.0
38234 17567 19.337705612182617 190.07711791992188 0.0
40301 13434 20.593019485473633 184.0426025390625 0.0
40301 15501 19.252038955688477 185.14195251464844 0.0
40301 17567 22.532920837402344 183.70591735839844 0.0
42367 13434 22.574159622192383 178.81283569335938 0.0
42367 15501 24.283740997314453 181.2828826904297 0.0
42367 17567 22.075519561767578 181.01564025878906 0.0
38234 50634 26.28583526611328 183.9197540283203 0.0
40301 50634 25.24795913696289 182.22369384765625 0.0
42367 50634 26.73322868347168 174.28250122070312 0.0
44434 32034 23.65207290649414 180.3358917236328 0.0
44434 34101 25.152708053588867 180.13864135742188 0.0
44434 36167 23.309667587280273 180.11746215820312 0.0
46501 32034 29.75470542907715 182.5661163330078 0.0
46501 34101 24.525697708129883 181.48545837402344 0.0
46501 36167 25.14542007446289 180.64390563964844 0.0
48567 32034 32.60639190673828 188.0829620361328 8.163265192706604e-06
48567 34101 29.064485549926758 187.61044311523438 1.6326530385413207e-05
48567 36167 28.53474235534668 189.39552307128906 1.6326530385413207e-05
32034 38234 19.45659637451172 190.22828674316406 0.0
32034 40301 18.875221252441406 189.3300018310547 0.0
32034 42367 18.963947296142578 190.1623077392578 0.0
34101 38234 18.15604019165039 191.49537658691406 0.0
34101 40301 19.477581024169922 189.2478790283203 0.0
34101 42367 19.785921096801758 189.4644317626953 0.0
36167 38234 19.792522430419922 187.5731658935547 0.0
36167 40301 20.66823387145996 184.87364196777344 0.0
36167 42367 18.754911422729492 187.26719665527344 0.0
44434 1034 9.561704635620117 216.75192260742188 0.0
44434 3101 23.17366600036621 182.82484436035156 0.0
44434 5167 23.974750518798828 186.01473999023438 0.0
46501 1034 28.682331085205078 201.2428741455078 0.0
46501 3101 29.786069869995117 184.99281311035156 0.0
46501 5167 28.190053939819336 183.9615478515625 0.0
48567 1034 21.580781936645508 209.49078369140625 0.0
48567 3101 29.136228561401367 196.58863830566406 0.0
48567 5167 27.948694229125977 197.265380859375 0.0
38234 19634 19.143095016479492 188.74737548828125 0.0
38234 21701 18.590057373046875 188.26307678222656 0.0
38234 23767 18.39031219482422 188.43798828125 0.0
40301 19634 20.345422744750977 186.19964599609375 0.0
40301 21701 19.643550872802734 186.02980041503906 0.0
40301 23767 20.195785522460938 186.06175231933594 0.0
42367 19634 21.934268951416016 183.43365478515625 0.0
42367 21701 20.53948402404785 184.39230346679688 0.0
42367 23767 18.78826904296875 185.59548950195312 0.0
44434 38234 23.880088806152344 179.19097900390625 0.0
44434 40301 23.269371032714844 180.33058166503906 0.0
44434 42367 23.89583396911621 179.74798583984375 0.0
46501 38234 24.38796615600586 180.29122924804688 0.0
46501 40301 24.28485679626465 180.6939697265625 0.0
46501 42367 26.166893005371094 180.0447998046875 0.0
48567 38234 26.37244415283203 186.3401336669922 0.0
48567 40301 25.460878372192383 183.60958862304688 0.0
48567 42367 24.14594841003418 189.31910705566406 0.0
32034 44434 19.6724796295166 189.80897521972656 0.0
32034 46501 21.104774475097656 189.38636779785156 0.0
32034 48567 18.271387100219727 189.76596069335938 0.0
34101 44434 18.5101261138916 190.56971740722656 0.0
34101 46501 18.832374572753906 186.88941955566406 0.0
34101 48567 18.698911666870117 188.23211669921875 0.0
36167 44434 16.921220779418945 187.68711853027344 0.0
36167 46501 20.813613891601562 186.75726318359375 0.0
36167 48567 20.60521125793457 186.1661834716797 0.0
38234 25834 17.815187454223633 189.51625061035156 0.0
38234 27901 19.79901695251465 190.91754150390625 0.0
38234 29967 22.279422760009766 184.32177734375 0.0
40301 25834 21.564496994018555 185.31394958496094 0.0
40301 27901 21.93492317199707 182.26673889160156 0.0
40301 29967 24.42148208618164 177.0790252685547 0.0
42367 25834 16.77151107788086 185.18133544921875 0.0
42367 27901 20.674667358398438 183.78671264648438 0.0
42367 29967 23.506986618041992 179.32041931152344 0.0
44434 7234 22.451452255249023 184.39344787597656 0.0
44434 9301 18.9614315032959 189.03671264648438 0.0
44434 11367 18.639427185058594 189.4378204345703 0.0
46501 7234 24.81498908996582 179.8319854736328 0.0
46501 9301 26.683311462402344 182.36219787597656 0.0
46501 11367 25.903018951416016 182.2635498046875 0.0
48567 7234 27.359394073486328 196.17713928222656 0.0
48567 9301 26.99739646911621 188.96238708496094 0.0
48567 11367 24.793149948120117 191.96514892578125 0.0
32034 50634 23.363079071044922 198.0789794921875 0.0
34101 50634 24.24400520324707 193.6898651123047 0.0
36167 50634 24.283044815063477 188.14891052246094 0.0
44434 44434 25.647441864013672 179.06488037109375 0.0
44434 46501 27.167003631591797 182.31593322753906 0.0
44434 48567 29.11668586730957 171.15232849121094 2.4489796487614512e-05
46501 44434 29.61412239074707 182.43170166015625 8.163265192706604e-06
46501 46501 31.25792121887207 185.85325622558594 7.346938946284354e-05
46501 48567 31.36138343811035 177.9405975341797 0.0
48567 44434 31.555015563964844 188.70472717285156 0.0
48567 46501 35.9487190246582 166.5684356689453 2.4489796487614512e-05
48567 48567 34.91043472290039 173.5892791748047 0.0
38234 32034 21.69077491760254 184.413330078125 0.0
38234 34101 18.62761116027832 186.42941284179688 0.0
38234 36167 20.311511993408203 185.479736328125 0.0
40301 32034 23.35811996459961 178.67457580566406 0.0
40301 34101 17.802322387695312 181.31723022460938 0.0
40301 36167 18.343111038208008 183.4111328125 0.0
42367 32034 24.073293685913086 179.0070037841797 0.0
42367 34101 24.573204040527344 179.54360961914062 0.0
42367 36167 23.00374984741211 179.11251831054688 0.0
44434 13434 16.081087112426758 187.7628631591797 0.0
44434 15501 16.838693618774414 187.03273010253906 0.0
44434 17567 16.684219360351562 186.2653350830078 0.0
46501 13434 25.214614868164062 182.3836669921875 0.0
46501 15501 25.280254364013672 181.34584045410156 0.0
46501 17567 26.295021057128906 183.40431213378906 0.0
48567 13434 24.947616577148438 188.16015625 0.0
48567 15501 25.55431365966797 188.087158203125 0.0
48567 17567 26.625364303588867 188.95155334472656 0.0
44434 50634 28.96021270751953 173.02511596679688 4.0816325054038316e-05
46501 50634 29.5294189453125 172.4490203857422 0.0
48567 50634 29.418903350830078 185.54490661621094 0.0
50634 1034 24.31474494934082 205.05661010742188 0.0
50634 3101 27.788333892822266 198.10812377929688 0.0
50634 5167 29.354156494140625 192.10365295410156 0.0
52701 1034 6.799928188323975 217.4833221435547 0.0
52701 3101 29.296104431152344 203.41041564941406 0.0
52701 5167 30.09319496154785 191.8097686767578 0.0
54767 1034 1.2785338163375854 218.20587158203125 0.0
54767 3101 1.5256904363632202 218.10215759277344 0.0
54767 5167 37.03925704956055 187.63829040527344 0.0
56834 19634 2.184072971343994 218.1043701171875 0.0
56834 21701 1.7191604375839233 218.2484588623047 0.0
56834 23767 1.7953742742538452 217.91571044921875 0.0
58901 19634 2.1743056774139404 218.05270385742188 0.0
58901 21701 0.9218311905860901 218.2235870361328 0.0
58901 23767 0.9512001276016235 218.1016082763672 0.0
50634 38234 29.03764533996582 189.65164184570312 0.0
50634 40301 26.429121017456055 187.9436492919922 0.0
50634 42367 28.85533332824707 189.62156677246094 0.0
52701 38234 32.359500885009766 190.83441162109375 0.0
52701 40301 26.755325317382812 201.39578247070312 0.0
52701 42367 30.05898094177246 186.54139709472656 0.0
54767 38234 32.94082260131836 201.04013061523438 0.0
54767 40301 13.850849151611328 215.40463256835938 0.0
54767 42367 31.81937026977539 200.47500610351562 0.0
56834 25834 1.8327878713607788 217.6845245361328 0.0
56834 27901 1.2887424230575562 218.11289978027344 0.0
56834 29967 1.4803451299667358 218.1818389892578 0.0
58901 25834 1.1540411710739136 218.0930938720703 0.0
58901 27901 3.0165958404541016 217.94061279296875 0.0
58901 29967 0.827403724193573 218.22267150878906 0.0
50634 7234 26.932411193847656 193.92649841308594 0.0
50634 9301 30.28057289123535 186.26266479492188 0.0
50634 11367 30.24503517150879 189.05734252929688 0.0
52701 7234 28.93343162536621 187.29563903808594 0.0
52701 9301 32.68370056152344 183.87554931640625 0.0
52701 11367 30.469205856323242 190.91146850585938 0.0
54767 7234 37.929344177246094 165.45628356933594 0.0
54767 9301 35.99159622192383 178.8851776123047 0.0
54767 11367 27.502826690673828 198.3599853515625 0.0
50634 44434 38.567020416259766 167.46385192871094 0.0
50634 46501 41.09538269042969 176.4705810546875 0.0
50634 48567 35.48070526123047 195.1737518310547 0.0
52701 44434 35.99699020385742 182.0109405517578 0.0
52701 46501 19.961549758911133 212.76612854003906 0.0
52701 48567 1.595598816871643 218.18763732910156 0.0
54767 44434 21.359725952148438 210.80628967285156 0.0
54767 46501 1.4603843688964844 218.38319396972656 0.0
54767 48567 2.1565146446228027 218.4063720703125 0.0
56834 32034 2.1581201553344727 218.221923828125 0.0
56834 34101 2.035853624343872 218.43504333496094 0.0
56834 36167 25.073076248168945 206.793212890625 0.0
58901 32034 1.5902525186538696 218.263671875 0.0
58901 34101 3.9817755222320557 218.04209899902344 0.0
58901 36167 29.264551162719727 204.50413513183594 0.0
50634 13434 28.38429832458496 192.8395538330078 0.0
50634 15501 29.833982467651367 192.1337432861328 0.0
50634 17567 28.721452713012695 194.1873779296875 0.0
52701 13434 28.207590103149414 194.57369995117188 0.0
52701 15501 31.298917770385742 188.6675567626953 0.0
52701 17567 38.12137222290039 186.4582977294922 0.0
54767 13434 37.90315246582031 172.981201171875 0.0
54767 15501 26.457223892211914 205.6326141357422 0.0
54767 17567 5.1692962646484375 217.41400146484375 0.0
50634 50634 15.893962860107422 213.8766632080078 0.0
52701 50634 4.031867027282715 217.60159301757812 0.0
54767 50634 2.5168659687042236 218.02883911132812 0.0
56834 38234 40.71408462524414 165.954833984375 0.0
56834 40301 27.715333938598633 207.81719970703125 0.0
56834 42367 1.138203740119934 218.36317443847656 0.0
58901 38234 27.13936424255371 207.85650634765625 0.0
58901 40301 1.2365888357162476 218.10098266601562 0.0
58901 42367 1.321548342704773 218.31077575683594 0.0
56834 1034 1.7005475759506226 218.25103759765625 0.0
56834 3101 1.446830153465271 218.1457977294922 0.0
56834 5167 26.615955352783203 207.9909210205078 0.0
58901 1034 1.7724648714065552 218.2137908935547 0.0
58901 3101 1.001790165901184 218.1783447265625 0.0
58901 5167 1.7500722408294678 218.1420135498047 0.0
50634 19634 24.785369873046875 201.06700134277344 0.0
50634 21701 7.777144908905029 217.19436645507812 0.0
50634 23767 24.08611488342285 208.1098175048828 0.0
52701 19634 11.923609733581543 216.03050231933594 0.0
52701 21701 2.0910420417785645 218.2311553955078 0.0
52701 23767 22.89573860168457 206.85914611816406 0.0
54767 19634 1.6803854703903198 217.9925994873047 0.0
54767 21701 1.1077083349227905 218.30435180664062 0.0
54767 23767 4.634042739868164 217.43161010742188 0.0
56834 44434 1.5763380527496338 218.56204223632812 0.0
56834 46501 1.7133373022079468 218.5624542236328 0.0
56834 48567 2.584648370742798 218.36521911621094 0.0
58901 44434 1.2333654165267944 218.72723388671875 0.0
58901 46501 2.332192897796631 218.45912170410156 0.0
58901 48567 2.7321929931640625 218.3011016845703 0.0
56834 7234 31.203065872192383 203.4680633544922 0.0
56834 9301 40.96603775024414 171.3140106201172 0.0
56834 11367 38.723236083984375 182.32290649414062 0.0
58901 7234 2.597379207611084 218.33802795410156 0.0
58901 9301 28.025192260742188 207.13491821289062 0.0
58901 11367 35.103919982910156 197.6163330078125 0.0
56834 50634 1.9383349418640137 218.50140380859375 0.0
58901 50634 3.954556941986084 218.39764404296875 0.0
50634 25834 22.16570281982422 204.23611450195312 0.0
50634 27901 25.555809020996094 195.89068603515625 0.0
50634 29967 28.590993881225586 195.5117645263672 0.0
52701 25834 21.119651794433594 206.71058654785156 0.0
52701 27901 19.064178466796875 208.5523223876953 0.0
52701 29967 24.68278694152832 203.6461639404297 0.0
54767 25834 1.5513124465942383 217.98239135742188 0.0
54767 27901 1.600610613822937 218.0207977294922 0.0
54767 29967 10.369176864624023 216.56069946289062 0.0
56834 13434 37.761802673339844 185.8329315185547 0.0
56834 15501 7.188479423522949 217.60450744628906 0.0
56834 17567 1.452749490737915 218.32923889160156 0.0
58901 13434 17.204383850097656 214.43553161621094 0.0
58901 15501 1.392641305923462 218.2797088623047 0.0
58901 17567 1.0533872842788696 218.4510498046875 0.0
50634 32034 33.87745666503906 192.90716552734375 0.0008489795727655292
50634 34101 32.14347839355469 187.6951904296875 0.00014693877892568707
50634 36167 30.39979362487793 187.53125 0.0
52701 32034 29.269819259643555 198.2978515625 0.0
52701 34101 38.9671516418457 181.25572204589844 0.0
52701 36167 40.441951751708984 181.0699005126953 0.0
54767 32034 5.307462215423584 217.75381469726562 0.0
54767 34101 1.3414686918258667 218.3831329345703 0.0
54767 36167 1.8321155309677124 218.0186309814453 0.0
